; Name diameter(mm) Length(mm) delay propellant_weight(kg) mass(kg)
O2800-I 143 2438 P 2.02 13.96 SSI
0.010 592.437
0.160 665.006
0.310 661.693
0.470 658.293
0.620 655.402
0.770 652.569
0.920 649.813
1.070 647.096
1.230 644.272
1.380 641.837
1.530 639.440
1.680 637.021
1.830 634.441
1.990 631.724
2.140 628.991
2.290 626.187
2.440 623.469
2.600 621.008
2.750 618.700
2.900 616.456
3.050 614.266
3.200 612.035
3.360 609.088
3.510 606.354
3.660 603.918
3.810 603.188
3.960 602.380
4.120 601.364
4.270 600.237
4.420 0.000
